139
746,192,0
746,192,0
746,192,0
746,192,0
746,191,0
745,191,0
745,191,0
744,190,0
743,190,0
742,190,0
741,190,0
739,189,0
736,189,0
733,189,0
729,190,0
725,190,0
721,191,0
716,193,0
711,194,0
707,196,0
701,198,0
695,202,0
689,205,0
682,209,0
676,214,0
669,219,0
663,225,0
657,232,0
653,239,0
649,246,0
647,254,0
645,263,0
644,272,0
644,282,0
644,292,0
644,301,0
645,309,0
647,316,0
650,322,0
653,328,0
656,334,0
659,340,0
663,345,0
668,350,0
673,355,0
679,359,0
686,363,0
694,367,0
702,370,0
710,372,0
719,374,0
727,375,0
735,376,0
742,377,0
749,377,0
756,377,0
764,376,0
771,375,0
779,374,0
786,372,0
792,370,0
799,368,0
805,366,0
810,364,0
816,362,0
821,360,0
826,357,0
831,354,0
835,350,0
839,347,0
843,343,0
847,340,0
850,337,0
853,334,0
856,331,0
858,329,0
859,327,0
860,325,0
861,323,0
862,321,0
863,318,0
864,314,0
865,311,0
866,307,0
867,303,0
868,299,0
868,295,0
868,291,0
868,287,0
867,283,0
866,279,0
864,275,0
862,270,0
860,266,0
859,262,0
858,258,0
856,254,0
854,251,0
853,247,0
850,243,0
848,239,0
845,236,0
842,232,0
840,229,0
837,226,0
834,223,0
832,220,0
829,218,0
827,215,0
825,213,0
822,210,0
820,208,0
817,206,0
814,204,0
811,201,0
807,199,0
804,197,0
801,194,0
798,192,0
796,190,0
793,188,0
791,186,0
788,184,0
785,182,0
782,181,0
778,179,0
774,178,0
770,177,0
766,177,0
762,176,0
758,176,0
754,176,0
750,176,0
745,176,0
740,176,0
734,176,0
729,176,0
725,176,0
721,174,0
72
765,222,1
765,221,1
765,221,1
765,220,1
765,219,1
765,219,1
765,219,1
764,219,1
764,219,1
764,219,1
764,218,1
764,218,1
763,218,1
763,217,1
762,216,1
761,215,1
759,214,1
758,213,1
756,212,1
753,211,1
748,210,1
743,210,1
737,210,1
730,212,1
722,215,1
714,219,1
705,225,1
696,232,1
688,240,1
680,250,1
673,260,1
668,272,1
664,283,1
662,294,1
661,305,1
662,315,1
667,324,1
673,331,1
682,337,1
692,342,1
704,345,1
717,347,1
732,348,1
749,348,1
768,346,1
786,343,1
804,338,1
821,333,1
835,327,1
846,321,1
856,313,1
864,305,1
869,296,1
873,286,1
874,276,1
874,265,1
869,253,1
861,241,1
850,229,1
836,218,1
821,210,1
805,203,1
789,199,1
773,197,1
759,197,1
747,197,1
736,201,1
728,205,1
722,210,1
718,217,1
716,226,1
716,235,1
69
475,263,1
476,262,1
476,262,1
476,262,1
476,261,1
476,261,1
476,261,1
476,261,1
476,260,1
476,260,1
476,260,1
476,260,1
476,260,1
476,260,1
476,260,1
476,260,1
473,260,1
469,261,1
463,263,1
457,267,1
450,272,1
443,280,1
436,288,1
430,298,1
424,308,1
419,320,1
414,332,1
411,345,1
410,360,1
410,375,1
414,391,1
419,407,1
427,421,1
435,433,1
444,443,1
454,450,1
465,455,1
476,459,1
488,460,1
501,460,1
513,458,1
526,453,1
540,445,1
552,433,1
564,417,1
575,399,1
584,380,1
591,360,1
596,343,1
597,328,1
597,315,1
592,304,1
585,294,1
575,284,1
563,276,1
549,267,1
534,260,1
518,255,1
501,250,1
485,248,1
470,248,1
456,250,1
444,255,1
435,262,1
428,269,1
424,277,1
422,284,1
422,291,1
425,297,1
58
618,221,1
618,220,1
617,220,1
617,220,1
616,220,1
616,220,1
615,219,1
615,219,1
614,219,1
613,219,1
612,219,1
610,219,1
608,219,1
604,219,1
600,219,1
595,219,1
590,221,1
584,225,1
578,230,1
571,237,1
565,245,1
560,254,1
555,265,1
551,276,1
548,288,1
546,299,1
546,310,1
547,320,1
552,328,1
558,336,1
565,342,1
575,347,1
588,349,1
602,349,1
619,347,1
636,342,1
655,335,1
673,326,1
690,315,1
704,304,1
715,292,1
723,281,1
727,271,1
729,262,1
729,255,1
723,248,1
714,241,1
699,235,1
681,229,1
661,225,1
640,222,1
621,222,1
606,222,1
594,224,1
587,225,1
582,227,1
580,228,1
579,230,1
61
1027,504,1
1027,504,1
1027,504,1
1027,504,1
1027,504,1
1027,504,1
1027,504,1
1027,504,1
1027,504,1
1027,504,1
1027,504,1
1027,504,1
1027,504,1
1026,504,1
1024,503,1
1021,502,1
1017,500,1
1011,498,1
1005,498,1
999,498,1
993,498,1
987,502,1
982,507,1
977,514,1
972,522,1
968,531,1
965,541,1
964,551,1
963,560,1
963,569,1
966,578,1
969,586,1
974,593,1
979,598,1
985,602,1
992,604,1
1000,604,1
1008,604,1
1017,601,1
1026,596,1
1035,590,1
1044,583,1
1052,576,1
1060,569,1
1065,561,1
1069,553,1
1070,545,1
1070,538,1
1068,531,1
1062,524,1
1054,517,1
1044,512,1
1034,506,1
1024,503,1
1013,500,1
1004,499,1
996,499,1
990,499,1
985,501,1
982,503,1
981,507,1
54
1103,95,1
1103,95,1
1103,95,1
1103,95,1
1103,95,1
1103,95,1
1103,95,1
1101,95,1
1098,95,1
1092,95,1
1086,95,1
1078,96,1
1070,98,1
1060,101,1
1049,106,1
1039,112,1
1028,121,1
1018,131,1
1009,142,1
1002,154,1
997,167,1
994,179,1
994,191,1
997,203,1
1004,215,1
1012,227,1
1024,237,1
1037,246,1
1053,252,1
1070,255,1
1089,256,1
1110,255,1
1131,250,1
1152,242,1
1172,232,1
1189,219,1
1203,205,1
1213,189,1
1219,173,1
1222,157,1
1221,142,1
1214,128,1
1201,117,1
1184,107,1
1161,101,1
1137,97,1
1112,97,1
1089,97,1
1070,100,1
1054,103,1
1043,106,1
1036,108,1
1031,110,1
1030,112,1
51
267,157,1
264,155,1
261,155,1
259,154,1
256,154,1
252,154,1
248,155,1
244,158,1
239,162,1
234,168,1
229,175,1
223,186,1
218,197,1
214,210,1
210,224,1
207,238,1
205,252,1
205,266,1
205,279,1
209,290,1
215,300,1
222,308,1
232,315,1
243,320,1
256,323,1
271,323,1
287,321,1
304,315,1
320,307,1
334,297,1
348,285,1
359,272,1
367,257,1
372,242,1
373,228,1
371,213,1
363,199,1
350,186,1
336,174,1
320,166,1
304,160,1
289,158,1
274,158,1
262,159,1
250,163,1
241,167,1
234,171,1
229,175,1
226,180,1
225,184,1
225,189,1
46
343,511,1
344,509,1
344,509,1
344,508,1
344,508,1
343,508,1
342,508,1
340,508,1
338,509,1
335,512,1
332,516,1
330,521,1
327,528,1
325,536,1
322,545,1
320,556,1
319,567,1
318,578,1
318,589,1
320,599,1
325,606,1
331,611,1
339,614,1
350,614,1
362,614,1
375,610,1
389,603,1
402,595,1
415,585,1
425,575,1
433,565,1
437,555,1
438,545,1
436,536,1
429,526,1
419,516,1
407,506,1
394,498,1
381,490,1
370,486,1
360,483,1
352,483,1
346,483,1
342,488,1
338,494,1
337,501,1
53
677,321,1
675,320,1
673,319,1
670,318,1
668,318,1
665,317,1
661,317,1
657,317,1
652,318,1
646,320,1
641,323,1
635,326,1
629,331,1
623,338,1
616,347,1
611,358,1
606,371,1
602,383,1
600,396,1
600,408,1
600,420,1
604,431,1
610,440,1
619,449,1
629,457,1
641,462,1
656,465,1
674,465,1
693,463,1
712,458,1
732,450,1
751,440,1
769,429,1
785,415,1
798,400,1
807,385,1
812,372,1
813,360,1
810,349,1
801,339,1
786,330,1
766,322,1
744,316,1
721,312,1
700,312,1
681,312,1
664,316,1
649,321,1
638,326,1
631,331,1
627,336,1
627,340,1
627,345,1
51
389,339,1
389,338,1
389,337,1
388,336,1
387,336,1
385,335,1
383,335,1
381,335,1
378,335,1
375,336,1
372,337,1
368,340,1
364,345,1
360,351,1
356,359,1
353,369,1
350,380,1
347,392,1
346,404,1
346,416,1
348,426,1
353,434,1
360,440,1
371,444,1
383,446,1
397,446,1
412,444,1
427,439,1
443,431,1
457,420,1
471,407,1
482,393,1
490,378,1
494,365,1
494,355,1
492,346,1
486,339,1
478,332,1
467,325,1
454,319,1
442,314,1
431,312,1
420,311,1
411,311,1
403,314,1
396,318,1
390,324,1
385,332,1
381,341,1
380,350,1
380,359,1
50
152,302,1
149,301,1
145,301,1
142,301,1
138,303,1
133,304,1
128,307,1
123,311,1
118,316,1
112,324,1
107,333,1
102,345,1
97,358,1
93,373,1
91,387,1
90,401,1
90,413,1
93,424,1
98,432,1
107,439,1
118,443,1
132,445,1
149,445,1
167,442,1
187,436,1
207,427,1
227,417,1
248,404,1
267,389,1
284,374,1
297,358,1
305,344,1
309,332,1
308,320,1
300,309,1
286,296,1
268,284,1
247,271,1
227,261,1
209,254,1
193,250,1
179,249,1
165,250,1
151,255,1
138,263,1
125,274,1
116,286,1
109,299,1
105,312,1
105,324,1
