45
496,286,1
500,286,1
507,285,1
517,285,1
531,284,1
548,284,1
567,284,1
589,283,1
614,283,1
640,283,1
667,284,1
693,285,1
717,286,1
738,288,1
757,289,1
774,291,1
787,294,1
797,297,1
571,280,2
571,284,2
571,292,2
571,302,2
571,315,2
571,329,2
570,343,2
569,358,2
567,373,2
565,386,2
564,399,2
563,410,2
562,420,2
562,427,2
680,286,3
680,286,3
680,286,3
680,290,3
680,296,3
678,307,3
675,322,3
670,340,3
665,358,3
659,376,3
654,391,3
650,403,3
647,414,3
60
414,337,1
413,338,1
413,338,1
413,338,1
413,338,1
413,338,1
414,338,1
417,337,1
423,336,1
430,335,1
439,334,1
451,332,1
465,331,1
481,329,1
500,328,1
521,328,1
542,327,1
562,327,1
581,328,1
599,329,1
616,332,1
633,335,1
649,337,1
663,339,1
677,340,1
689,341,1
699,341,1
707,341,1
713,341,1
500,307,2
502,307,2
503,310,2
505,314,2
506,321,2
506,329,2
506,338,2
504,349,2
502,360,2
500,372,2
498,384,2
496,395,2
494,405,2
493,415,2
492,424,2
491,432,2
490,439,2
490,444,2
581,336,3
581,340,3
579,345,3
577,351,3
576,359,3
573,369,3
571,379,3
569,391,3
566,402,3
564,413,3
561,423,3
559,433,3
557,442,3
85
437,420,1
437,420,1
437,420,1
437,420,1
438,418,1
440,416,1
441,413,1
444,409,1
447,405,1
450,401,1
454,397,1
458,394,1
464,390,1
471,386,1
480,383,1
491,381,1
504,379,1
518,377,1
534,377,1
550,377,1
566,378,1
583,379,1
600,380,1
618,382,1
637,384,1
656,386,1
674,388,1
690,390,1
704,393,1
718,394,1
730,396,1
741,396,1
752,396,1
762,396,1
769,395,1
775,394,1
778,394,1
564,375,2
564,375,2
564,375,2
565,375,2
565,375,2
565,375,2
565,376,2
566,379,2
566,385,2
566,393,2
566,403,2
565,414,2
564,425,2
563,437,2
562,451,2
561,464,2
560,478,2
559,491,2
559,501,2
559,510,2
559,517,2
559,522,2
646,383,3
646,383,3
646,382,3
647,381,3
647,380,3
647,379,3
647,378,3
647,378,3
647,378,3
647,378,3
647,379,3
647,381,3
647,385,3
647,390,3
647,397,3
647,406,3
647,416,3
647,427,3
645,439,3
643,451,3
640,462,3
639,473,3
637,482,3
636,490,3
634,498,3
632,505,3
65
589,329,1
589,329,1
589,329,1
589,329,1
589,329,1
589,329,1
589,329,1
590,329,1
590,329,1
590,329,1
590,329,1
590,329,1
590,329,1
590,329,1
590,329,1
590,329,1
590,329,1
590,329,1
590,329,1
590,331,1
590,335,1
590,339,1
590,344,1
590,350,1
589,357,1
588,363,1
588,370,1
587,376,1
586,381,1
586,385,1
585,388,1
585,390,1
585,391,1
585,391,1
627,317,2
627,320,2
625,324,2
624,329,2
624,336,2
623,344,2
623,353,2
623,362,2
623,370,2
624,376,2
624,380,2
625,383,2
625,383,2
522,312,3
521,312,3
521,312,3
521,312,3
522,312,3
526,312,3
534,312,3
546,312,3
563,312,3
584,312,3
607,312,3
633,312,3
659,312,3
683,312,3
703,312,3
719,312,3
731,312,3
738,312,3
55
503,276,1
504,276,1
504,276,1
504,276,1
504,277,1
504,279,1
503,283,1
502,290,1
501,299,1
499,310,1
499,321,1
498,332,1
498,342,1
497,352,1
497,360,1
497,366,1
497,371,1
497,373,1
497,374,1
498,374,1
500,373,1
546,260,2
546,261,2
546,264,2
544,269,2
542,277,2
540,288,2
538,299,2
537,312,2
536,326,2
535,339,2
534,350,2
534,360,2
534,366,2
534,370,2
534,372,2
534,372,2
453,281,3
452,281,3
452,281,3
452,282,3
455,282,3
462,282,3
474,282,3
492,282,3
514,279,3
538,275,3
564,270,3
589,266,3
614,263,3
636,260,3
657,259,3
675,259,3
688,259,3
698,260,3
103
494,320,1
494,321,1
494,321,1
494,321,1
494,321,1
494,321,1
494,321,1
494,321,1
494,321,1
494,321,1
494,321,1
494,321,1
494,321,1
494,321,1
495,321,1
496,319,1
499,317,1
503,315,1
507,312,1
512,309,1
517,305,1
522,302,1
527,298,1
533,295,1
538,293,1
542,291,1
546,290,1
550,289,1
553,289,1
557,289,1
560,289,1
563,291,1
566,293,1
570,296,1
575,300,1
579,305,1
585,309,1
590,314,1
597,319,1
604,323,1
612,327,1
621,330,1
630,333,1
639,335,1
648,336,1
658,336,1
667,336,1
676,335,1
684,332,1
692,329,1
698,325,1
703,320,1
539,306,2
539,306,2
539,306,2
539,306,2
540,306,2
540,306,2
540,306,2
540,307,2
541,309,2
541,312,2
541,315,2
542,318,2
542,321,2
542,324,2
543,327,2
543,331,2
544,336,2
544,342,2
544,348,2
544,356,2
543,365,2
542,375,2
540,385,2
539,395,2
538,405,2
537,413,2
537,420,2
538,425,2
540,427,2
651,322,3
651,321,3
651,321,3
651,321,3
651,321,3
651,321,3
651,323,3
651,325,3
651,330,3
651,338,3
651,348,3
651,360,3
651,374,3
651,387,3
651,401,3
651,413,3
651,422,3
651,429,3
651,434,3
651,437,3
652,438,3
653,438,3
87
420,279,1
419,279,1
418,279,1
418,279,1
418,279,1
418,279,1
418,279,1
418,279,1
418,279,1
418,279,1
419,278,1
422,276,1
425,272,1
429,268,1
434,264,1
439,260,1
444,257,1
449,253,1
453,251,1
458,249,1
461,248,1
465,247,1
468,247,1
471,247,1
475,250,1
479,253,1
483,259,1
488,266,1
493,274,1
498,283,1
504,292,1
510,301,1
518,309,1
527,316,1
537,321,1
548,326,1
560,328,1
572,329,1
585,329,1
599,325,1
613,320,1
626,314,1
638,307,1
647,300,1
653,295,1
472,275,2
473,276,2
473,277,2
473,279,2
473,282,2
473,286,2
473,292,2
472,300,2
472,311,2
471,324,2
470,339,2
468,356,2
466,373,2
464,389,2
463,403,2
461,414,2
460,423,2
460,429,2
460,434,2
460,437,2
617,332,3
616,332,3
616,332,3
616,332,3
616,332,3
616,332,3
616,332,3
616,334,3
616,337,3
617,343,3
617,352,3
617,363,3
617,376,3
615,390,3
614,403,3
611,416,3
610,427,3
608,436,3
607,443,3
606,449,3
606,454,3
606,457,3
92
462,297,1
462,297,1
461,297,1
461,297,1
461,297,1
461,296,1
461,296,1
462,295,1
463,293,1
465,291,1
467,288,1
470,285,1
473,282,1
476,278,1
480,275,1
483,272,1
487,269,1
490,266,1
493,264,1
497,262,1
500,261,1
502,260,1
504,260,1
506,260,1
508,260,1
511,261,1
513,263,1
516,267,1
520,273,1
524,279,1
529,287,1
534,294,1
539,302,1
545,308,1
552,313,1
559,318,1
567,322,1
576,324,1
586,325,1
596,325,1
606,323,1
617,320,1
627,315,1
635,309,1
642,304,1
646,300,1
527,288,2
527,289,2
526,290,2
525,290,2
525,291,2
524,293,2
524,296,2
524,300,2
524,305,2
524,312,2
524,320,2
524,330,2
524,341,2
524,352,2
524,363,2
524,372,2
524,381,2
524,388,2
523,394,2
523,398,2
522,401,2
522,402,2
521,402,2
579,331,3
579,332,3
579,333,3
579,334,3
579,335,3
579,337,3
579,338,3
579,341,3
579,344,3
579,348,3
579,353,3
579,359,3
579,367,3
579,377,3
579,386,3
579,396,3
579,404,3
579,411,3
579,417,3
580,421,3
580,424,3
581,426,3
581,427,3
91
375,271,1
375,272,1
375,273,1
375,273,1
375,273,1
375,274,1
375,274,1
375,274,1
375,274,1
375,274,1
375,274,1
375,274,1
376,274,1
376,274,1
376,274,1
376,274,1
376,274,1
376,274,1
377,274,1
378,273,1
381,271,1
383,269,1
386,267,1
390,264,1
393,261,1
396,258,1
399,256,1
401,254,1
404,253,1
406,251,1
408,250,1
411,249,1
413,249,1
416,248,1
418,248,1
420,248,1
423,248,1
425,248,1
428,250,1
430,252,1
433,255,1
436,258,1
440,262,1
444,265,1
448,269,1
452,273,1
457,276,1
462,278,1
468,280,1
474,281,1
481,282,1
489,283,1
497,283,1
504,283,1
512,281,1
519,279,1
527,277,1
534,274,1
440,274,2
441,274,2
441,275,2
441,278,2
442,281,2
442,286,2
442,293,2
442,300,2
442,309,2
441,318,2
439,327,2
438,336,2
437,345,2
437,351,2
436,356,2
436,359,2
436,360,2
436,360,2
476,287,3
476,287,3
476,288,3
476,292,3
476,299,3
476,308,3
476,319,3
477,331,3
477,344,3
478,356,3
480,366,3
482,374,3
484,379,3
485,381,3
486,381,3
71
509,271,1
510,270,1
512,268,1
514,266,1
517,263,1
519,260,1
522,257,1
526,254,1
529,251,1
533,248,1
536,246,1
540,243,1
543,241,1
547,240,1
551,238,1
554,237,1
557,236,1
560,236,1
563,236,1
566,237,1
569,239,1
572,242,1
574,246,1
577,251,1
580,257,1
582,263,1
585,270,1
588,277,1
591,284,1
595,289,1
599,294,1
605,297,1
613,299,1
622,299,1
633,299,1
646,296,1
660,292,1
674,287,1
687,283,1
699,278,1
708,274,1
715,271,1
720,268,1
565,270,2
564,272,2
563,275,2
563,280,2
562,288,2
562,297,2
562,307,2
562,319,2
563,331,2
565,344,2
567,357,2
570,367,2
572,375,2
575,379,2
668,301,3
669,305,3
669,311,3
669,318,3
669,327,3
669,337,3
668,348,3
667,361,3
667,375,3
667,386,3
667,395,3
667,402,3
668,406,3
669,408,3
87
537,317,1
537,316,1
538,316,1
538,316,1
539,315,1
539,314,1
540,313,1
542,312,1
544,310,1
546,307,1
549,306,1
551,303,1
554,301,1
558,298,1
561,296,1
565,294,1
568,291,1
572,289,1
575,287,1
578,286,1
580,285,1
581,285,1
582,284,1
583,284,1
585,284,1
587,286,1
589,289,1
591,292,1
594,296,1
598,300,1
602,304,1
607,308,1
613,312,1
620,315,1
627,317,1
636,319,1
646,320,1
657,320,1
670,319,1
683,316,1
695,311,1
706,306,1
716,301,1
724,297,1
729,292,1
733,289,1
610,319,2
610,319,2
610,319,2
610,319,2
610,319,2
610,319,2
610,319,2
610,319,2
610,319,2
610,321,2
610,323,2
611,327,2
611,333,2
611,342,2
609,352,2
607,363,2
605,373,2
604,382,2
603,389,2
603,393,2
603,396,2
604,397,2
606,397,2
609,396,2
682,327,3
682,327,3
682,327,3
682,327,3
682,327,3
682,330,3
682,336,3
681,344,3
681,354,3
681,366,3
682,378,3
683,390,3
685,400,3
687,408,3
689,414,3
691,418,3
692,419,3
89
963,221,1
963,220,1
963,220,1
963,220,1
963,220,1
963,220,1
963,220,1
963,220,1
963,220,1
963,220,1
963,220,1
963,220,1
963,220,1
963,221,1
963,223,1
963,227,1
963,234,1
961,243,1
960,254,1
958,266,1
956,277,1
955,288,1
954,297,1
953,305,1
953,311,1
953,315,1
953,317,1
954,318,1
956,318,1
959,316,1
1002,204,2
1002,204,2
1002,206,2
1002,211,2
1001,218,2
999,229,2
997,242,2
995,257,2
993,273,2
992,288,2
991,302,2
991,312,2
991,319,2
991,323,2
991,325,2
991,325,2
908,223,3
908,223,3
908,223,3
908,223,3
908,223,3
909,223,3
911,223,3
915,222,3
920,220,3
926,218,3
931,215,3
936,213,3
940,210,3
944,208,3
947,205,3
950,203,3
954,201,3
957,198,3
960,196,3
963,194,3
965,193,3
967,193,3
969,193,3
971,193,3
973,193,3
975,195,3
978,197,3
981,201,3
984,205,3
989,210,3
994,215,3
1001,220,3
1009,224,3
1018,227,3
1028,228,3
1040,228,3
1052,225,3
1066,219,3
1078,212,3
1087,204,3
1095,197,3
1099,190,3
1100,186,3
67
508,341,1
508,341,1
508,341,1
508,341,1
508,340,1
508,339,1
509,337,1
512,334,1
516,331,1
522,329,1
529,327,1
538,325,1
548,324,1
559,324,1
572,324,1
584,324,1
598,324,1
612,322,1
626,319,1
640,317,1
654,316,1
666,315,1
676,315,1
684,318,1
691,322,1
697,327,1
561,320,2
561,320,2
562,320,2
563,320,2
564,321,2
565,324,2
565,329,2
565,335,2
565,344,2
563,354,2
561,365,2
559,375,2
557,385,2
555,393,2
554,401,2
554,407,2
554,411,2
554,414,2
556,414,2
558,414,2
561,412,2
623,310,3
623,309,3
623,309,3
623,310,3
622,313,3
620,320,3
616,331,3
612,346,3
609,362,3
607,377,3
606,389,3
606,398,3
609,405,3
614,410,3
622,413,3
631,415,3
642,416,3
656,416,3
669,416,3
681,415,3
