17
5,6,9,12
5,12,9,6
12,9,5,6,12
5,9,12,6,9,6
9,5,6,5,5,12,5
5,9,6,9,12,5,12,6
9,6,5,5,6,12,12,9,6
6,9,5,9,9,12,6,5,6,12
5,9,6,6,9,6,5,12,9,5,6
6,9,12,12,6,6,6,6,5,9,12,9
9,9,9,9,5,6,12,9,9,6,9,12,6
6,9,6,6,12,12,9,5,6,12,12,5,6,12
5,12,6,6,9,12,12,9,6,12,12,12,5,9,12
9,9,12,12,6,5,6,9,5,9,12,5,9,9,9,5
12,12,6,9,6,12,6,6,5,5,5,12,12,9,9,6,6
12,9,12,5,6,9,6,6,12,9,5,5,9,6,5,5,5,9
6,12,6,6,9,6,5,9,9,6,9,5,9,12,12,5,6,5,12
17
0,7,10,11
0,11,7,10
0,7,11,0,10
0,11,0,11,10,7
11,7,0,10,10,10,11
10,0,10,7,10,7,11,0
7,10,0,7,10,0,11,11,7
7,7,10,7,0,10,10,10,7,11
10,10,10,10,7,11,0,11,0,10,10
11,0,0,7,10,7,11,11,10,7,10,0
0,11,0,11,0,0,0,10,10,0,10,11,10
7,7,11,7,0,10,11,10,10,7,11,7,7,10
0,0,7,0,11,10,10,0,0,7,11,11,0,7,11
11,11,11,0,10,11,11,0,0,10,10,11,11,7,11,11
10,0,11,10,10,0,11,0,0,0,7,11,11,10,7,11,7
11,0,11,10,10,0,11,0,11,7,7,7,0,11,7,7,7,10
7,11,7,7,10,7,0,10,10,7,10,0,10,11,11,0,7,0,11
17
1,2,3,4,8
8,1,3,4,2
3,8,2,4,1,4
3,1,3,8,4,1,2
8,3,4,1,4,2,4,3
8,2,2,8,4,4,1,3,1
3,2,2,8,2,4,1,2,2,4
2,8,1,2,3,4,8,8,3,1,3
2,8,1,4,3,1,3,2,2,1,8,8
4,8,2,1,1,2,2,8,2,3,3,4,4
2,8,4,4,2,4,8,4,1,2,3,8,2,4
8,8,1,8,4,4,8,3,2,1,2,3,3,8,2
3,8,2,3,2,8,4,4,2,8,3,4,1,8,3,3
4,1,8,4,2,3,3,8,8,8,1,2,3,8,1,8,1
2,4,3,3,3,3,3,8,3,3,4,3,1,2,2,4,4,3
2,4,3,2,8,1,3,8,4,8,2,4,2,8,1,3,8,4,2
3,8,3,4,3,1,3,8,4,3,2,1,2,8,2,8,3,3,1,4